1837.0 2595.0 1959.0 1786.0 1460.0 1286.0 1886.0 2667.0 1542.0 1986.0 1775.0 1169.0 1501.0 1464.0 1807.0 1585.0 1940.0 2692.0 1556.0 2245.0 
1755.0 1624.0 1951.0 2753.0 3096.0 1902.0 2577.0 1682.0 1098.0 2350.0 1853.0 2216.0 1771.0 1258.0 1565.0 916.0 2203.0 1785.0 1239.0 2556.0 
1382.0 2305.0 2282.0 1015.0 2746.0 1819.0 2312.0 1654.0 1835.0 2506.0 1854.0 1301.0 1675.0 2402.0 2976.0 3082.0 771.0 1343.0 1989.0 1621.0 
2772.0 1946.0 1326.0 1231.0 1593.0 1524.0 1675.0 2770.0 1665.0 2448.0 1895.0 2387.0 2343.0 1849.0 1569.0 1821.0 2430.0 1853.0 1596.0 1983.0 
1879.0 1357.0 2088.0 2432.0 1463.0 1618.0 2106.0 1246.0 2068.0 2007.0 1610.0 2805.0 864.0 2360.0 1699.0 1704.0 1275.0 1621.0 2453.0 1586.0 
1416.0 1327.0 2076.0 2336.0 1662.0 1539.0 1551.0 3114.0 1499.0 930.0 1547.0 1336.0 2068.0 2356.0 2002.0 2100.0 1785.0 1728.0 2395.0 2125.0 
1758.0 1621.0 2515.0 1408.0 3132.0 2153.0 1697.0 1575.0 1434.0 1478.0 2043.0 1485.0 2125.0 2546.0 2483.0 2782.0 2327.0 1480.0 1743.0 2042.0 
1348.0 1751.0 2367.0 1763.0 1587.0 2151.0 1575.0 1603.0 1920.0 3055.0 1794.0 2354.0 1976.0 2017.0 1832.0 1970.0 1801.0 1011.0 1466.0 2018.0 
2121.0 3097.0 1506.0 2757.0 1399.0 2007.0 2621.0 1285.0 1471.0 2960.0 1698.0 2001.0 1196.0 1363.0 1349.0 2050.0 1547.0 2788.0 1764.0 2091.0 
1264.0 2168.0 1897.0 427.0 1358.0 1535.0 1214.0 2149.0 2327.0 2555.0 1282.0 1644.0 2155.0 1838.0 751.0 1417.0 2399.0 1725.0 2418.0 1544.0 
1683.0 2875.0 2377.0 1512.0 2770.0 1836.0 2151.0 2051.0 1959.0 1942.0 1602.0 1834.0 1091.0 1050.0 2669.0 552.0 2192.0 2679.0 1102.0 1888.0 
1915.0 2482.0 2038.0 2118.0 1470.0 1727.0 619.0 2790.0 1744.0 1811.0 2036.0 712.0 2255.0 1100.0 1956.0 2290.0 1306.0 2543.0 1984.0 939.0 
1639.0 1437.0 2496.0 1991.0 1203.0 137.0 1689.0 1892.0 2878.0 2244.0 1661.0 2903.0 1957.0 2133.0 2114.0 2483.0 1237.0 1029.0 912.0 1709.0 
1015.0 2399.0 1726.0 2231.0 2730.0 2130.0 2056.0 2580.0 1557.0 2627.0 2261.0 1626.0 1918.0 1371.0 1598.0 2884.0 1579.0 2139.0 1618.0 732.0 
1584.0 1711.0 1830.0 1676.0 2536.0 710.0 1018.0 2483.0 727.0 1797.0 1657.0 1936.0 895.0 2699.0 1776.0 1670.0 1901.0 2451.0 2505.0 1937.0 
1182.0 1979.0 1678.0 1961.0 2181.0 1336.0 2613.0 2014.0 2133.0 1329.0 2074.0 2658.0 1888.0 1756.0 1360.0 1281.0 1959.0 2091.0 1806.0 2335.0 
591.0 2128.0 997.0 2856.0 3101.0 1904.0 697.0 2569.0 1046.0 1274.0 2144.0 1699.0 1794.0 1978.0 1376.0 2222.0 2366.0 1749.0 1286.0 3242.0 
1166.0 1780.0 3033.0 1273.0 1775.0 1772.0 2003.0 2308.0 913.0 1227.0 1853.0 2392.0 2413.0 1746.0 910.0 1556.0 1724.0 2189.0 2009.0 2116.0 
2761.0 1840.0 2032.0 2381.0 2339.0 1617.0 1528.0 2008.0 2042.0 862.0 2944.0 2944.0 1965.0 1644.0 1834.0 999.0 2209.0 2503.0 1342.0 1711.0 
2863.0 2096.0 2735.0 1704.0 1755.0 1624.0 1700.0 1418.0 1486.0 2154.0 1737.0 1289.0 2008.0 1556.0 2168.0 2138.0 1753.0 1128.0 1854.0 1802.0 
1549.0 1484.0 855.0 1077.0 2174.0 2131.0 1790.0 2827.0 1607.0 2566.0 1798.0 1481.0 1401.0 1863.0 1019.0 1973.0 2522.0 3094.0 2932.0 1874.0 
1736.0 2742.0 829.0 2014.0 1936.0 2778.0 1840.0 2262.0 1526.0 2509.0 2738.0 1653.0 2437.0 1668.0 1548.0 550.0 1261.0 1478.0 1833.0 2315.0 
2581.0 1043.0 2769.0 1240.0 1391.0 1230.0 2298.0 1888.0 2078.0 2021.0 2031.0 1923.0 1173.0 1747.0 2407.0 2046.0 1213.0 2524.0 1554.0 1751.0 
2332.0 1357.0 1063.0 2152.0 2972.0 2083.0 2725.0 1904.0 1026.0 2406.0 1369.0 2027.0 1776.0 1585.0 2742.0 2319.0 1646.0 1266.0 883.0 2664.0 
1102.0 1392.0 1814.0 2581.0 1927.0 2524.0 1966.0 2301.0 1745.0 2747.0 1330.0 2347.0 2067.0 980.0 2374.0 2104.0 1544.0 1396.0 1358.0 1925.0 
1236.0 1375.0 1242.0 1577.0 1963.0 2098.0 1532.0 1812.0 3174.0 1444.0 2452.0 1713.0 2013.0 2113.0 2715.0 2247.0 1540.0 1836.0 1487.0 2777.0 
2393.0 1721.0 2313.0 1487.0 2008.0 2747.0 1415.0 1328.0 1108.0 1720.0 2824.0 700.0 2561.0 2121.0 2354.0 1521.0 1648.0 1715.0 1548.0 1801.0 
1974.0 2399.0 2371.0 2028.0 1979.0 1828.0 860.0 1659.0 2619.0 1866.0 2187.0 2020.0 1514.0 1541.0 2198.0 1960.0 2517.0 2453.0 1632.0 906.0 
3229.0 1308.0 1414.0 2334.0 1836.0 1835.0 2161.0 1820.0 1444.0 330.0 2980.0 704.0 1996.0 1783.0 1805.0 2294.0 1541.0 2755.0 1604.0 1872.0 
2348.0 2083.0 572.0 1750.0 732.0 759.0 2776.0 1864.0 1700.0 1627.0 2774.0 2645.0 2543.0 2286.0 599.0 2061.0 1616.0 2044.0 2921.0 1371.0 
2229.0 1628.0 1753.0 1347.0 1494.0 2121.0 2236.0 1829.0 981.0 2640.0 813.0 1724.0 1842.0 2019.0 2071.0 2778.0 3312.0 2545.0 2261.0 1598.0 
3058.0 1896.0 1588.0 2465.0 687.0 917.0 2058.0 2237.0 2365.0 2129.0 1798.0 2520.0 1428.0 2463.0 936.0 2100.0 2337.0 1987.0 1101.0 2385.0 
1855.0 2257.0 1246.0 2211.0 2207.0 1950.0 2226.0 1882.0 1582.0 1470.0 2183.0 1805.0 1499.0 2066.0 1340.0 1644.0 1598.0 2064.0 1697.0 1514.0 
2627.0 1510.0 2378.0 2035.0 1632.0 2183.0 1804.0 1697.0 1018.0 1534.0 1737.0 1942.0 1474.0 1938.0 1720.0 2305.0 2629.0 2508.0 2881.0 1890.0 
2221.0 2241.0 899.0 1974.0 1385.0 2083.0 798.0 1548.0 2412.0 1514.0 1228.0 1685.0 1476.0 987.0 606.0 2032.0 1106.0 1451.0 1402.0 2265.0 
2181.0 1644.0 1882.0 2753.0 1762.0 1969.0 2289.0 1973.0 653.0 1504.0 -102.0 1417.0 1388.0 1893.0 2545.0 1003.0 1794.0 1202.0 1754.0 1499.0 
1365.0 2583.0 923.0 1697.0 3245.0 946.0 1966.0 2274.0 1492.0 1637.0 1223.0 1114.0 2228.0 2232.0 2013.0 1375.0 1304.0 1532.0 2187.0 1855.0 
1459.0 654.0 2446.0 1450.0 1982.0 1782.0 1486.0 2698.0 1927.0 2334.0 2463.0 1967.0 1045.0 1115.0 1754.0 3078.0 1658.0 1806.0 2237.0 2141.0 
2361.0 2756.0 3072.0 2065.0 1819.0 2654.0 2335.0 2576.0 2002.0 1832.0 2369.0 2139.0 1807.0 1402.0 2052.0 1927.0 299.0 1652.0 2321.0 2482.0 
1941.0 2626.0 2459.0 2014.0 1284.0 1111.0 929.0 826.0 1203.0 1965.0 1935.0 1076.0 2177.0 2895.0 796.0 1830.0 1621.0 1552.0 2547.0 1408.0 
1754.0 2684.0 2405.0 1543.0 2287.0 2307.0 975.0 2439.0 3051.0 2026.0 2192.0 2139.0 2544.0 1669.0 1523.0 2148.0 1951.0 2827.0 2595.0 1465.0 
1975.0 2055.0 2914.0 2808.0 1921.0 1975.0 2237.0 2606.0 1964.0 2477.0 966.0 1233.0 1421.0 2550.0 2261.0 2845.0 2432.0 2004.0 1935.0 515.0 
1323.0 905.0 2544.0 2266.0 2545.0 2112.0 1397.0 1408.0 2358.0 879.0 1862.0 1906.0 1897.0 2656.0 1471.0 1260.0 2768.0 977.0 2767.0 1558.0 
1652.0 1863.0 1522.0 1760.0 1448.0 1770.0 1573.0 2063.0 2296.0 1885.0 1207.0 1708.0 1541.0 1901.0 1612.0 2182.0 1952.0 2660.0 2174.0 2449.0 
1836.0 1427.0 1757.0 1221.0 2091.0 2717.0 1367.0 1861.0 1153.0 2574.0 2095.0 2152.0 1923.0 2090.0 2293.0 2223.0 1121.0 2933.0 -117.0 1939.0 
2299.0 2531.0 1418.0 1706.0 2299.0 1766.0 1233.0 2129.0 2572.0 2312.0 2086.0 1821.0 1036.0 2027.0 2105.0 1998.0 1182.0 2345.0 1909.0 2092.0 
1546.0 1038.0 1988.0 2375.0 2067.0 2947.0 2388.0 1789.0 2098.0 1827.0 1694.0 2540.0 934.0 2378.0 2266.0 2856.0 2140.0 654.0 2335.0 1405.0 
1698.0 1267.0 2158.0 1765.0 1531.0 2171.0 2524.0 1665.0 1329.0 903.0 1038.0 2332.0 1864.0 1644.0 1444.0 2299.0 2460.0 2179.0 1725.0 2926.0 
2441.0 2448.0 1175.0 1501.0 1440.0 1936.0 1714.0 2882.0 1822.0 1858.0 1782.0 915.0 2578.0 2132.0 3098.0 2021.0 922.0 2656.0 1180.0 1474.0 
1152.0 2124.0 1703.0 1701.0 2047.0 1964.0 1701.0 749.0 3410.0 1924.0 1877.0 2251.0 1086.0 1351.0 2010.0 1055.0 1427.0 1879.0 1281.0 1753.0 
2264.0 2151.0 1543.0 2091.0 2367.0 822.0 1298.0 2121.0 910.0 1028.0 2164.0 2439.0 2763.0 1437.0 1628.0 2904.0 2430.0 2088.0 1085.0 1930.0 
960.0 3027.0 1420.0 2941.0 2959.0 1537.0 2503.0 2288.0 1933.0 1245.0 2273.0 2750.0 2244.0 1652.0 2658.0 2153.0 1306.0 1445.0 1416.0 1851.0 
1853.0 2687.0 235.0 1511.0 2979.0 1661.0 3017.0 1241.0 1935.0 1733.0 2321.0 2153.0 1846.0 1990.0 2129.0 1569.0 2022.0 1483.0 1545.0 2163.0 
2231.0 2190.0 1778.0 2250.0 1589.0 2109.0 872.0 1770.0 1702.0 1930.0 2176.0 2784.0 553.0 1722.0 1445.0 1190.0 2703.0 1138.0 2168.0 772.0 
